2.898226e-05 1.000000e+00
3.516499e-05 1.000000e+00
4.266668e-05 1.000000e+00
5.176869e-05 1.000000e+00
6.281242e-05 1.000000e+00
7.621209e-05 1.000000e+00
9.247029e-05 1.000000e+00
1.121968e-04 1.000000e+00
1.361316e-04 1.000000e+00
1.651723e-04 1.000000e+00
2.004082e-04 1.000000e+00
2.431610e-04 1.000000e+00
2.950341e-04 1.000000e+00
3.579732e-04 1.000000e+00
4.343391e-04 1.000000e+00
5.269959e-04 1.000000e+00
6.394191e-04 1.000000e+00
7.758253e-04 1.000000e+00
9.413308e-04 1.000000e+00
1.142143e-03 1.000000e+00
1.385795e-03 1.000000e+00
1.681424e-03 1.000000e+00
2.040120e-03 1.000000e+00
2.475335e-03 1.094383e+00
3.003394e-03 1.327846e+00
3.644103e-03 1.611113e+00
4.421493e-03 1.954809e+00
5.364723e-03 2.371825e+00
6.509170e-03 2.877802e+00
7.897761e-03 3.491719e+00
9.582577e-03 4.236601e+00
1.162681e-02 5.140388e+00
1.410714e-02 6.236979e+00
1.711659e-02 7.567503e+00
2.076805e-02 9.181866e+00
2.519846e-02 1.114062e+01
3.057401e-02 1.351723e+01
3.709631e-02 1.640083e+01
4.501000e-02 1.989960e+01
5.461191e-02 2.414475e+01
6.626218e-02 2.929550e+01
8.039777e-02 3.554506e+01
9.754890e-02 4.312783e+01
1.183588e-01 5.232822e+01
1.436081e-01 6.349131e+01
1.742438e-01 7.703581e+01
2.114150e-01 9.346973e+01
2.565158e-01 1.000000e+02
3.112378e-01 1.000000e+02
3.776337e-01 1.000000e+02
4.581937e-01 1.000000e+02
5.559393e-01 1.000000e+02
6.745369e-01 1.000000e+02
8.184348e-01 1.000000e+02
9.930301e-01 1.000000e+02
1.204872e+00 1.000000e+02
1.461905e+00 1.000000e+02
1.773771e+00 1.000000e+02
2.152166e+00 1.000000e+02
2.611284e+00 1.000000e+02
3.168345e+00 1.000000e+02
3.844243e+00 1.000000e+02
4.664328e+00 1.000000e+02
5.659362e+00 1.000000e+02
6.866664e+00 1.000000e+02
8.331518e+00 1.000000e+02
1.010887e+01 1.000000e+02
1.226537e+01 1.000000e+02
1.488193e+01 1.000000e+02
1.805666e+01 1.000000e+02
2.190866e+01 1.000000e+02
2.658240e+01 1.000000e+02
3.225318e+01 1.000000e+02
3.913369e+01 1.000000e+02
4.748202e+01 1.000000e+02
5.761128e+01 1.000000e+02
6.990140e+01 1.000000e+02
8.481334e+01 1.000000e+02
1.029064e+02 1.000000e+02
1.248593e+02 1.000000e+02
1.514953e+02 1.000000e+02
1.838136e+02 1.000000e+02
2.230262e+02 1.000000e+02
2.706040e+02 1.000000e+02
3.283315e+02 1.000000e+02
3.983739e+02 1.000000e+02
4.833584e+02 1.000000e+02
5.864724e+02 1.000000e+02
7.115836e+02 1.000000e+02
8.633845e+02 1.000000e+02
1.047569e+03 1.000000e+02
1.271045e+03 1.000000e+02
1.542195e+03 1.000000e+02
1.871189e+03 1.000000e+02
2.270366e+03 1.000000e+02
2.754700e+03 1.000000e+02
3.342355e+03 1.000000e+02
4.055374e+03 1.000000e+02
4.920501e+03 1.000000e+02
5.970183e+03 1.000000e+02
